% PF 2012

%	 __ __ __ __ __ __ __ __ __ __ __ __
%	|                                   |
%	|   __    __    __    __       __   |
%	|  |__|  |__    __|  |  |  |   __|  |
%	|  |     |     |__   |__|  |  |__   |
%	|                                   |
%	|__ __ __ __ __ __ __ __ __ __ __ __|

mask = [
  -1  -1  -1  -1  -1  -1  -1  -1  -1  -1  -1  -1  -1  -1
  -1   0   0   0   0   0   0   0   0   0   0   0   0  -1
  -1   0   0   0   0   0   0   0   0   0   0   0   0  -1
  -1   0  -1   0   0   0   0   0  -1   0   0   0   0  -1
  -1   0   0   0   0   0   0   0  -1   0   0   0   0  -1
  -1   0   0   0   0   0   0   0   0   0   0   0   0  -1
  -1   0   0   0   0   0   0   0   0   0   0   0   0  -1
  -1  -1  -1  -1  -1  -1  -1  -1  -1  -1  -1  -1  -1  -1
];

walls = [
   0   0   0   0   0   0   0   0   0   0   0   0   0   0
   0   0   0   0   0   0   0   0   0   0   0   0   0   0
   0   0   0   0   2   0   2   0   0   0   0   2   0   0
   0   0   0   1   2   0   3   0   0   1   0   3   0   0
   0   1   0   1   0   1   2   0   0   1   1   2   0   0
   0   0   0   0   0   0   0   0   0   0   0   0   0   0
   0   0   0   0   0   0   0   0   0   0   0   0   0   0
   0   0   0   0   0   0   0   0   0   0   0   0   0   0
];

recommended_max = 38;
