% granule

%	 __ __ __ __ __ __   
%	|                 |__ 
%	|                    |
%	|      `.            |
%	|         `.         |
%	|            `.      |
%	|__                  |
%	   |__ __ __ __ __ __|

mask = [
  -1  -1  -1  -1  -1  -1  -1  -1  -1
  -1   0   0   0   0   0   0  -3  -1
  -1   0   0   0   0   0   0   0  -1
  -1   0   0  -3   0   0   0   0  -1
  -1   0   0   0  -3   0   0   0  -1
  -1   0   0   0   0  -3   0   0  -1
  -1   0   0   0   0   0   0   0  -1
  -1  -3   0   0   0   0   0   0  -1
  -1  -1  -1  -1  -1  -1  -1  -1  -1
];

recommended_max = 26;
