% airscrew

%	 __ __ __ __ __ __ __ __ __
%	|      __                  |
%	|     |__|                 |
%	|      __                  |
%	|     |__|   __            |
%	|           |__|   __      |
%	|                 |__|     |
%	|                  __      |
%	|                 |__|     |
%	|__ __ __ __ __ __ __ __ __|

mask = [
  -1  -1  -1  -1  -1  -1  -1  -1  -1  -1  -1
  -1   0   0   0   0   0   0   0   0   0  -1
  -1   0   0  -1   0   0   0   0   0   0  -1
  -1   0   0   0   0   0   0   0   0   0  -1
  -1   0   0  -1   0   0   0   0   0   0  -1
  -1   0   0   0   0  -1   0   0   0   0  -1
  -1   0   0   0   0   0   0  -1   0   0  -1
  -1   0   0   0   0   0   0   0   0   0  -1
  -1   0   0   0   0   0   0  -1   0   0  -1
  -1   0   0   0   0   0   0   0   0   0  -1
  -1  -1  -1  -1  -1  -1  -1  -1  -1  -1  -1
];

recommended_max = 44;
